solver_type MCSVM_CS
nr_class 3
label 0 1 2
nr_feature 89
bias -1
w
0.1552223922327176 -0.06209126687912549 -0.09313112535359212 
0.1552223922327176 -0.06209126687912549 -0.09313112535359212 
0.1552223922327176 -0.06209126687912549 -0.09313112535359212 
0.1552223922327176 -0.06209126687912549 -0.09313112535359212 
0.1552223922327176 -0.06209126687912549 -0.09313112535359212 
0.01124799761396662 -0.160823291179316 0.1495752935653493 
0.1552223922327176 -0.06209126687912549 -0.09313112535359212 
0.1552223922327176 -0.06209126687912549 -0.09313112535359212 
0.1552223922327176 -0.06209126687912549 -0.09313112535359212 
0.1552223922327176 -0.06209126687912549 -0.09313112535359212 
0.1552223922327176 -0.06209126687912549 -0.09313112535359212 
0.1552223922327176 -0.06209126687912549 -0.09313112535359212 
0.1552223922327176 -0.06209126687912549 -0.09313112535359212 
0.1552223922327176 -0.06209126687912549 -0.09313112535359212 
0.1552223922327176 -0.06209126687912549 -0.09313112535359212 
0.1552223922327176 -0.06209126687912549 -0.09313112535359212 
0.01124799761396662 -0.160823291179316 0.1495752935653493 
0.1552223922327176 -0.06209126687912549 -0.09313112535359212 
0.1552223922327176 -0.06209126687912549 -0.09313112535359212 
0.1552223922327176 -0.06209126687912549 -0.09313112535359212 
0.1552223922327176 -0.06209126687912549 -0.09313112535359212 
0.1552223922327176 -0.06209126687912549 -0.09313112535359212 
1.631724269590684e-17 0.01633496808805912 -0.01633496808805912 
1.631724269590684e-17 0.01633496808805912 -0.01633496808805912 
1.631724269590684e-17 0.01633496808805912 -0.01633496808805912 
1.631724269590684e-17 0.01633496808805912 -0.01633496808805912 
1.631724269590684e-17 0.01633496808805912 -0.01633496808805912 
1.631724269590684e-17 0.01633496808805912 -0.01633496808805912 
1.631724269590684e-17 0.01633496808805912 -0.01633496808805912 
1.631724269590684e-17 0.01633496808805912 -0.01633496808805912 
1.631724269590684e-17 0.01633496808805912 -0.01633496808805912 
1.631724269590684e-17 0.01633496808805912 -0.01633496808805912 
1.631724269590684e-17 0.01633496808805912 -0.01633496808805912 
1.631724269590684e-17 0.01633496808805912 -0.01633496808805912 
1.631724269590684e-17 0.01633496808805912 -0.01633496808805912 
1.631724269590684e-17 0.01633496808805912 -0.01633496808805912 
1.631724269590684e-17 0.01633496808805912 -0.01633496808805912 
1.631724269590684e-17 0.01633496808805912 -0.01633496808805912 
1.631724269590684e-17 0.01633496808805912 -0.01633496808805912 
1.631724269590684e-17 0.01633496808805912 -0.01633496808805912 
1.631724269590684e-17 0.01633496808805912 -0.01633496808805912 
-0.07529063268479411 -0.05958646342610643 0.1348770961109005 
-0.07529063268479411 -0.05958646342610643 0.1348770961109005 
-0.07529063268479411 -0.05958646342610643 0.1348770961109005 
-0.07529063268479411 -0.05958646342610643 0.1348770961109005 
-0.07529063268479411 -0.05958646342610643 0.1348770961109005 
-0.07529063268479411 -0.05958646342610643 0.1348770961109005 
-0.07529063268479411 -0.05958646342610643 0.1348770961109005 
-0.07529063268479411 -0.05958646342610643 0.1348770961109005 
-0.07529063268479411 -0.05958646342610643 0.1348770961109005 
-0.07529063268479411 -0.05958646342610643 0.1348770961109005 
-0.07529063268479411 -0.05958646342610643 0.1348770961109005 
-0.07529063268479411 -0.05958646342610643 0.1348770961109005 
-0.07529063268479411 -0.05958646342610643 0.1348770961109005 
-0.07529063268479411 -0.05958646342610643 0.1348770961109005 
-0.07529063268479411 -0.05958646342610643 0.1348770961109005 
-0.07529063268479411 -0.05958646342610643 0.1348770961109005 
-0.07529063268479411 -0.05958646342610643 0.1348770961109005 
-0.07529063268479411 -0.05958646342610643 0.1348770961109005 
-0.07529063268479411 -0.05958646342610643 0.1348770961109005 
-0.07529063268479411 -0.05958646342610643 0.1348770961109005 
-0.07529063268479411 -0.05958646342610643 0.1348770961109005 
-0.07529063268479411 -0.05958646342610643 0.1348770961109005 
-0.06868376193395684 -0.0554805289621432 0.1241642908961001 
-0.06868376193395684 -0.0554805289621432 0.1241642908961001 
-0.06868376193395684 -0.0554805289621432 0.1241642908961001 
-0.06868376193395684 -0.0554805289621432 0.1241642908961001 
-0.06868376193395684 -0.0554805289621432 0.1241642908961001 
-0.06868376193395684 -0.0554805289621432 0.1241642908961001 
-0.06868376193395684 -0.0554805289621432 0.1241642908961001 
-0.06868376193395684 -0.0554805289621432 0.1241642908961001 
-0.06868376193395684 -0.0554805289621432 0.1241642908961001 
-0.06868376193395684 -0.0554805289621432 0.1241642908961001 
-0.06868376193395684 -0.0554805289621432 0.1241642908961001 
-0.06868376193395684 -0.0554805289621432 0.1241642908961001 
-0.06868376193395684 -0.0554805289621432 0.1241642908961001 
-0.06868376193395684 -0.0554805289621432 0.1241642908961001 
-0.06868376193395684 -0.0554805289621432 0.1241642908961001 
-0.06868376193395684 -0.0554805289621432 0.1241642908961001 
-0.06868376193395684 -0.0554805289621432 0.1241642908961001 
-0.06868376193395684 -0.0554805289621432 0.1241642908961001 
-0.06868376193395684 -0.0554805289621432 0.1241642908961001 
-0.06868376193395684 -0.0554805289621432 0.1241642908961001 
-0.06868376193395684 -0.0554805289621432 0.1241642908961001 
-0.06868376193395684 -0.0554805289621432 0.1241642908961001 
-0.06868376193395684 -0.0554805289621432 0.1241642908961001 
-0.06868376193395684 -0.0554805289621432 0.1241642908961001 
-0.06868376193395684 -0.0554805289621432 0.1241642908961001 
-0.06868376193395684 -0.0554805289621432 0.1241642908961001 
